The optima threshold is:  0.22300000000000011
POD  :  0.33962264150943394
F    :  0.006412213740458015
FAR  :  0.5384615384615384
CSI  :  0.24324324324324326
PSS  :  0.33321042776897597
HSS  :  0.3829732288886976
ORSS :  0.9752137184480753
CSS  :  0.4508969291577987
