The optima threshold is:  0.16700000000000007
POD  :  0.9805825242718447
F    :  0.0007466865783087549
FAR  :  0.0380952380952381
CSI  :  0.9439252336448598
PSS  :  0.9798358376935359
HSS  :  0.9705937794533459
ORSS :  0.9999704065948903
CSS  :  0.961531279178338
