The optima threshold is:  0.1930000000000001
POD  :  0.941747572815534
F    :  0.0018667164457718873
FAR  :  0.09345794392523364
CSI  :  0.8584070796460177
PSS  :  0.939880856369762
HSS  :  0.9223161455434046
ORSS :  0.999768660874192
CSS  :  0.9054211892711048
