The optima threshold is:  0.12900000000000003
POD  :  0.5671641791044776
F    :  0.017121702915316984
FAR  :  0.49333333333333335
CSI  :  0.36538461538461536
PSS  :  0.5500424761891606
HSS  :  0.5199623930061438
ORSS :  0.9737604695237513
CSS  :  0.49319708933271406
