POD  :  0.582089552238806
F    :  0.01943544655252198
FAR  :  0.5185185185185185
CSI  :  0.3577981651376147
PSS  :  0.562654105686284
HSS  :  0.5109285333500581
ORSS :  0.9719388668169942
CSS  :  0.46844002829098313
