POD  :  0.5522388059701493
F    :  0.016196205460434984
FAR  :  0.4861111111111111
CSI  :  0.3627450980392157
PSS  :  0.5360426005097143
HSS  :  0.517337457172948
ORSS :  0.973655158570855
CSS  :  0.49997423211708925
